16 9

20000 10000 30000 10000
30000 10000 30000 20000
30000 20000 90000 20000
90000 20000 90000 30000
90000 30000 80000 30000
80000 30000 80000 90000
80000 90000 70000 90000
70000 90000 70000 80000
70000 80000 10000 80000
10000 80000 10000 70000
10000 70000 20000 70000
20000 70000 20000 10000
30000 30000 30000 70000
30000 70000 70000 70000
70000 70000 70000 30000
70000 30000 30000 30000

55000 75000
25000 75000
25000 25000
75000 25000
75000 75000
15000 75000
25000 15000
85000 25000
75000 85000

1 1
2 2 5
2 3 6
2 4 7
1 8
0
0
0
0


5
0 1
0 5
0 3
0 7
0 2